   k      z      dz     pres   presi   Tabs     tp     tpl      qt      Qc     Qi    REL
 512  4320.90  138.70  609.80  615.17  270.11  311.13  311.13  1.3422  0.0000  0.0000   26.74
 511  4182.20  132.70  620.57  625.55  270.95  310.54  310.54  1.4469  0.0000  0.0000   27.54
 510  4055.50  121.20  630.55  635.15  271.72  310.00  310.00  1.5425  0.0000  0.0000   28.18
 509  3939.80  110.70  639.77  644.02  272.41  309.51  309.51  1.6298  0.0000  0.0000   28.69
 508  3834.10  101.10  648.29  652.22  273.05  309.07  309.07  1.7095  0.0000  0.0000   29.11
 507  3737.60   92.30  656.16  659.77  273.63  308.66  308.66  1.7903  0.0000  0.0000   29.57
 506  3649.50   84.30  663.40  666.74  274.16  308.29  308.29  1.8683  0.0000  0.0000   30.02
 505  3569.00   77.00  670.08  673.15  274.65  307.95  307.95  1.9396  0.0000  0.0000   30.39
 504  3495.50   70.30  676.23  679.05  275.09  307.64  307.64  2.0047  0.0000  0.0000   30.71
 503  3428.40   64.20  681.88  684.47  275.49  307.36  307.36  2.0641  0.0000  0.0000   30.97
 502  3367.10   58.65  687.07  689.46  275.86  307.10  307.10  2.1183  0.0000  0.0000   31.20
 501  3311.10   53.55  691.85  694.04  276.19  306.86  306.86  2.1679  0.0000  0.0000   31.39
 500  3260.00   48.90  696.23  698.24  276.50  306.65  306.65  2.2132  0.0000  0.0000   31.55
 499  3213.30   44.70  700.25  702.10  276.78  306.45  306.45  2.2545  0.0000  0.0000   31.69
 498  3170.60   40.80  703.95  705.64  277.03  306.27  306.27  2.3443  0.0000  0.0000   32.54
 497  3131.70   37.25  707.33  708.88  277.26  306.11  306.11  2.4416  0.0000  0.0000   33.50
 496  3096.10   34.00  710.44  711.85  277.47  305.96  305.96  2.5305  0.0000  0.0000   34.36
 495  3063.70   31.05  713.27  714.57  277.66  305.82  305.82  2.6115  0.0000  0.0000   35.12
 494  3034.00   28.40  715.88  717.07  277.84  305.69  305.69  2.6857  0.0000  0.0000   35.81
 493  3006.90   25.90  718.27  719.36  278.00  305.58  305.58  2.7535  0.0000  0.0000   36.42
 492  2982.20   23.65  720.45  721.45  278.14  305.47  305.47  2.8152  0.0000  0.0000   36.97
 491  2959.60   21.60  722.45  723.36  278.27  305.38  305.38  2.8717  0.0000  0.0000   37.46
 490  2939.00   19.75  724.27  725.11  278.40  305.29  305.29  2.9232  0.0000  0.0000   37.91
 489  2920.10   18.05  725.95  726.72  278.51  305.21  305.21  2.9704  0.0000  0.0000   38.31
 488  2902.90   16.45  727.48  728.18  278.61  305.13  305.13  3.0134  0.0000  0.0000   38.67
 487  2887.20   15.00  728.88  729.52  278.70  305.07  305.07  3.0526  0.0000  0.0000   39.00
 486  2872.90   13.70  730.16  730.74  278.78  305.01  305.01  3.0884  0.0000  0.0000   39.29
 485  2859.80   12.55  731.33  731.87  278.86  304.95  304.95  3.1211  0.0000  0.0000   39.56
 484  2847.80   11.45  732.41  732.89  278.93  304.90  304.90  3.1511  0.0000  0.0000   39.80
 483  2836.90   10.45  733.38  733.83  278.99  304.85  304.85  3.1784  0.0000  0.0000   40.02
 482  2826.90    9.55  734.28  734.69  279.05  304.81  304.81  3.2033  0.0000  0.0000   40.22
 481  2817.80    8.75  735.10  735.47  279.11  304.77  304.77  3.2261  0.0000  0.0000   40.40
 480  2809.40    8.00  735.85  736.19  279.16  304.74  304.74  3.2471  0.0000  0.0000   40.56
 479  2801.80    7.25  736.54  736.85  279.20  304.71  304.71  3.2661  0.0000  0.0000   40.71
 478  2794.90    6.60  737.16  737.44  279.24  304.68  304.68  3.2833  0.0000  0.0000   40.85
 477  2788.60    6.05  737.72  737.99  279.28  304.65  304.65  3.2991  0.0000  0.0000   40.97
 476  2782.80    5.55  738.25  738.49  279.31  304.62  304.62  3.3136  0.0000  0.0000   41.08
 475  2777.50    5.15  738.72  738.95  279.34  304.60  304.60  3.3268  0.0000  0.0000   41.18
 474  2772.50    5.00  739.18  739.40  279.37  304.58  304.58  3.3393  0.0000  0.0000   41.28
 473  2767.50    5.00  739.63  739.85  279.40  304.56  304.56  3.3518  0.0000  0.0000   41.37
 472  2762.50    5.00  740.08  740.30  279.43  304.54  304.54  3.3643  0.0000  0.0000   41.47
 471  2757.50    5.00  740.53  740.76  279.46  304.52  304.52  3.3768  0.0000  0.0000   41.56
 470  2752.50    5.00  740.98  741.21  279.49  304.50  304.50  3.3893  0.0000  0.0000   41.66
 469  2747.50    5.00  741.44  741.66  279.52  304.47  304.47  3.4018  0.0000  0.0000   41.75
 468  2742.50    5.00  741.89  742.11  279.55  304.45  304.45  3.4143  0.0000  0.0000   41.84
 467  2737.50    5.00  742.34  742.57  279.58  304.43  304.43  3.4268  0.0000  0.0000   41.94
 466  2732.50    5.00  742.79  743.02  279.61  304.41  304.41  3.4393  0.0000  0.0000   42.03
 465  2727.50    5.00  743.25  743.47  279.64  304.39  304.39  3.4518  0.0000  0.0000   42.12
 464  2722.50    5.00  743.70  743.93  279.67  304.37  304.37  3.4643  0.0000  0.0000   42.21
 463  2717.50    5.00  744.15  744.38  279.69  304.35  304.35  3.4768  0.0000  0.0000   42.31
 462  2712.50    5.00  744.61  744.83  279.72  304.33  304.33  3.4893  0.0000  0.0000   42.40
 461  2707.50    5.00  745.06  745.29  279.75  304.30  304.30  3.5018  0.0000  0.0000   42.49
 460  2702.50    5.00  745.52  745.74  279.78  304.28  304.28  3.5143  0.0000  0.0000   42.58
 459  2697.50    5.00  745.97  746.20  279.81  304.26  304.26  3.5268  0.0000  0.0000   42.67
 458  2692.50    5.00  746.43  746.65  279.84  304.24  304.24  3.5393  0.0000  0.0000   42.76
 457  2687.50    5.00  746.88  747.11  279.87  304.22  304.22  3.5517  0.0000  0.0000   42.85
 456  2682.50    5.00  747.34  747.56  279.90  304.20  304.20  3.5642  0.0000  0.0000   42.94
 455  2677.50    5.00  747.79  748.02  279.93  304.18  304.18  3.5767  0.0000  0.0000   43.03
 454  2672.50    5.00  748.25  748.47  279.96  304.16  304.16  3.5892  0.0000  0.0000   43.12
 453  2667.50    5.00  748.70  748.93  279.99  304.14  304.14  3.6017  0.0000  0.0000   43.21
 452  2662.50    5.00  749.16  749.39  280.02  304.11  304.11  3.6142  0.0000  0.0000   43.30
 451  2657.50    5.00  749.61  749.84  280.04  304.09  304.09  3.6267  0.0000  0.0000   43.39
 450  2652.50    5.00  750.07  750.30  280.07  304.07  304.07  3.6392  0.0000  0.0000   43.47
 449  2647.50    5.00  750.53  750.76  280.10  304.05  304.05  3.6517  0.0000  0.0000   43.56
 448  2642.50    5.00  750.99  751.21  280.13  304.03  304.03  3.6642  0.0000  0.0000   43.65
 447  2637.50    5.00  751.44  751.67  280.16  304.01  304.01  3.6778  0.0000  0.0000   43.75
 446  2632.50    5.00  751.90  752.13  280.19  303.99  303.99  3.6918  0.0000  0.0000   43.85
 445  2627.50    5.00  752.36  752.59  280.22  303.97  303.97  3.7058  0.0000  0.0000   43.95
 444  2622.50    5.00  752.82  753.04  280.25  303.95  303.95  3.7199  0.0000  0.0000   44.05
 443  2617.50    5.00  753.27  753.50  280.28  303.93  303.93  3.7339  0.0000  0.0000   44.15
 442  2612.50    5.00  753.73  753.96  280.31  303.91  303.91  3.7479  0.0000  0.0000   44.25
 441  2607.50    5.00  754.19  754.42  280.34  303.89  303.89  3.7620  0.0000  0.0000   44.35
 440  2602.50    5.00  754.65  754.88  280.37  303.87  303.87  3.7760  0.0000  0.0000   44.45
 439  2597.50    5.00  755.11  755.34  280.40  303.85  303.85  3.7900  0.0000  0.0000   44.55
 438  2592.50    5.00  755.57  755.80  280.43  303.83  303.83  3.8041  0.0000  0.0000   44.65
 437  2587.50    5.00  756.03  756.26  280.46  303.81  303.81  3.8181  0.0000  0.0000   44.75
 436  2582.50    5.00  756.49  756.72  280.49  303.79  303.79  3.8321  0.0000  0.0000   44.85
 435  2577.50    5.00  756.95  757.18  280.52  303.77  303.77  3.8462  0.0000  0.0000   44.95
 434  2572.50    5.00  757.41  757.64  280.55  303.75  303.75  3.8602  0.0000  0.0000   45.05
 433  2567.50    5.00  757.87  758.10  280.58  303.73  303.73  3.8742  0.0000  0.0000   45.14
 432  2562.50    5.00  758.33  758.56  280.61  303.71  303.71  3.8882  0.0000  0.0000   45.24
 431  2557.50    5.00  758.79  759.02  280.64  303.69  303.69  3.9023  0.0000  0.0000   45.34
 430  2552.50    5.00  759.25  759.48  280.67  303.66  303.66  3.9163  0.0000  0.0000   45.43
 429  2547.50    5.00  759.71  759.94  280.70  303.64  303.64  3.9303  0.0000  0.0000   45.53
 428  2542.50    5.00  760.17  760.40  280.73  303.62  303.62  3.9444  0.0000  0.0000   45.62
 427  2537.50    5.00  760.64  760.87  280.76  303.60  303.60  3.9584  0.0000  0.0000   45.72
 426  2532.50    5.00  761.10  761.33  280.79  303.58  303.58  3.9724  0.0000  0.0000   45.81
 425  2527.50    5.00  761.56  761.79  280.82  303.56  303.56  3.9865  0.0000  0.0000   45.91
 424  2522.50    5.00  762.02  762.25  280.85  303.54  303.54  4.0005  0.0000  0.0000   46.00
 423  2517.50    5.00  762.48  762.72  280.88  303.52  303.52  4.0145  0.0000  0.0000   46.10
 422  2512.50    5.00  762.95  763.18  280.91  303.50  303.50  4.0286  0.0000  0.0000   46.19
 421  2507.50    5.00  763.41  763.64  280.94  303.48  303.48  4.0426  0.0000  0.0000   46.28
 420  2502.50    5.00  763.87  764.11  280.97  303.46  303.46  4.0566  0.0000  0.0000   46.38
 419  2497.50    5.00  764.34  764.57  281.00  303.44  303.44  4.0707  0.0000  0.0000   46.47
 418  2492.50    5.00  764.80  765.03  281.03  303.42  303.42  4.0847  0.0000  0.0000   46.56
 417  2487.50    5.00  765.27  765.50  281.06  303.40  303.40  4.0987  0.0000  0.0000   46.65
 416  2482.50    5.00  765.73  765.96  281.09  303.38  303.38  4.1127  0.0000  0.0000   46.75
 415  2477.50    5.00  766.19  766.43  281.12  303.36  303.36  4.1268  0.0000  0.0000   46.84
 414  2472.50    5.00  766.66  766.89  281.15  303.34  303.34  4.1408  0.0000  0.0000   46.93
 413  2467.50    5.00  767.12  767.36  281.18  303.32  303.32  4.1548  0.0000  0.0000   47.02
 412  2462.50    5.00  767.59  767.82  281.21  303.30  303.30  4.1689  0.0000  0.0000   47.11
 411  2457.50    5.00  768.05  768.29  281.24  303.28  303.28  4.1829  0.0000  0.0000   47.20
 410  2452.50    5.00  768.52  768.75  281.27  303.26  303.26  4.1969  0.0000  0.0000   47.29
 409  2447.50    5.00  768.99  769.22  281.30  303.24  303.24  4.2110  0.0000  0.0000   47.38
 408  2442.50    5.00  769.45  769.69  281.33  303.22  303.22  4.2250  0.0000  0.0000   47.47
 407  2437.50    5.00  769.92  770.15  281.36  303.20  303.20  4.2390  0.0000  0.0000   47.55
 406  2432.50    5.00  770.39  770.62  281.39  303.18  303.18  4.2531  0.0000  0.0000   47.64
 405  2427.50    5.00  770.85  771.09  281.42  303.16  303.16  4.2671  0.0000  0.0000   47.73
 404  2422.50    5.00  771.32  771.55  281.45  303.14  303.14  4.2811  0.0000  0.0000   47.82
 403  2417.50    5.00  771.79  772.02  281.48  303.12  303.12  4.2951  0.0000  0.0000   47.90
 402  2412.50    5.00  772.25  772.49  281.51  303.10  303.10  4.3092  0.0000  0.0000   47.99
 401  2407.50    5.00  772.72  772.96  281.54  303.08  303.08  4.3232  0.0000  0.0000   48.08
 400  2402.50    5.00  773.19  773.42  281.57  303.06  303.06  4.3372  0.0000  0.0000   48.16
 399  2397.50    5.00  773.66  773.89  281.60  303.04  303.04  4.3513  0.0000  0.0000   48.25
 398  2392.50    5.00  774.13  774.36  281.63  303.02  303.02  4.3653  0.0000  0.0000   48.34
 397  2387.50    5.00  774.59  774.83  281.66  303.00  303.00  4.3793  0.0000  0.0000   48.42
 396  2382.50    5.00  775.06  775.30  281.69  302.98  302.98  4.3934  0.0000  0.0000   48.51
 395  2377.50    5.00  775.53  775.77  281.72  302.96  302.96  4.4074  0.0000  0.0000   48.59
 394  2372.50    5.00  776.00  776.24  281.75  302.94  302.94  4.4214  0.0000  0.0000   48.68
 393  2367.50    5.00  776.47  776.71  281.78  302.92  302.92  4.4354  0.0000  0.0000   48.76
 392  2362.50    5.00  776.94  777.18  281.81  302.90  302.90  4.4495  0.0000  0.0000   48.85
 391  2357.50    5.00  777.41  777.65  281.84  302.87  302.87  4.4635  0.0000  0.0000   48.94
 390  2352.50    5.00  777.88  778.12  281.87  302.85  302.85  4.4775  0.0000  0.0000   49.02
 389  2347.50    5.00  778.35  778.59  281.90  302.83  302.83  4.4915  0.0000  0.0000   49.11
 388  2342.50    5.00  778.82  779.06  281.93  302.81  302.81  4.5055  0.0000  0.0000   49.19
 387  2337.50    5.00  779.29  779.53  281.96  302.79  302.79  4.5195  0.0000  0.0000   49.28
 386  2332.50    5.00  779.76  780.00  281.99  302.77  302.77  4.5335  0.0000  0.0000   49.36
 385  2327.50    5.00  780.24  780.47  282.01  302.75  302.75  4.5475  0.0000  0.0000   49.45
 384  2322.50    5.00  780.71  780.94  282.04  302.73  302.73  4.5615  0.0000  0.0000   49.53
 383  2317.50    5.00  781.18  781.42  282.07  302.70  302.70  4.5755  0.0000  0.0000   49.62
 382  2312.50    5.00  781.65  781.89  282.10  302.68  302.68  4.5896  0.0000  0.0000   49.70
 381  2307.50    5.00  782.12  782.36  282.13  302.66  302.66  4.6036  0.0000  0.0000   49.78
 380  2302.50    5.00  782.60  782.83  282.16  302.64  302.64  4.6176  0.0000  0.0000   49.87
 379  2297.50    5.00  783.07  783.31  282.19  302.62  302.62  4.6316  0.0000  0.0000   49.95
 378  2292.50    5.00  783.54  783.78  282.22  302.60  302.60  4.6456  0.0000  0.0000   50.03
 377  2287.50    5.00  784.02  784.25  282.25  302.58  302.58  4.6596  0.0000  0.0000   50.11
 376  2282.50    5.00  784.49  784.73  282.27  302.56  302.56  4.6736  0.0000  0.0000   50.20
 375  2277.50    5.00  784.96  785.20  282.30  302.53  302.53  4.6876  0.0000  0.0000   50.28
 374  2272.50    5.00  785.44  785.67  282.33  302.51  302.51  4.7016  0.0000  0.0000   50.36
 373  2267.50    5.00  785.91  786.15  282.36  302.49  302.49  4.7156  0.0000  0.0000   50.44
 372  2262.50    5.00  786.39  786.62  282.39  302.47  302.47  4.7297  0.0000  0.0000   50.52
 371  2257.50    5.00  786.86  787.10  282.42  302.45  302.45  4.7437  0.0000  0.0000   50.60
 370  2252.50    5.00  787.34  787.57  282.45  302.43  302.43  4.7577  0.0000  0.0000   50.68
 369  2247.50    5.00  787.81  788.05  282.48  302.41  302.41  4.7717  0.0000  0.0000   50.76
 368  2242.50    5.00  788.29  788.52  282.51  302.39  302.39  4.7857  0.0000  0.0000   50.84
 367  2237.50    5.00  788.76  789.00  282.53  302.36  302.36  4.7997  0.0000  0.0000   50.92
 366  2232.50    5.00  789.24  789.48  282.56  302.34  302.34  4.8137  0.0000  0.0000   51.00
 365  2227.50    5.00  789.71  789.95  282.59  302.32  302.32  4.8277  0.0000  0.0000   51.08
 364  2222.50    5.00  790.19  790.43  282.62  302.30  302.30  4.8417  0.0000  0.0000   51.16
 363  2217.50    5.00  790.67  790.90  282.65  302.28  302.28  4.8557  0.0000  0.0000   51.24
 362  2212.50    5.00  791.14  791.38  282.68  302.26  302.26  4.8698  0.0000  0.0000   51.32
 361  2207.50    5.00  791.62  791.86  282.71  302.24  302.24  4.8838  0.0000  0.0000   51.39
 360  2202.50    5.00  792.10  792.34  282.74  302.22  302.22  4.8978  0.0000  0.0000   51.47
 359  2197.50    5.00  792.57  792.81  282.77  302.19  302.19  4.9118  0.0000  0.0000   51.55
 358  2192.50    5.00  793.05  793.29  282.79  302.17  302.17  4.9258  0.0000  0.0000   51.62
 357  2187.50    5.00  793.53  793.77  282.82  302.15  302.15  4.9398  0.0000  0.0000   51.70
 356  2182.50    5.00  794.01  794.25  282.85  302.13  302.13  4.9538  0.0000  0.0000   51.78
 355  2177.50    5.00  794.49  794.73  282.88  302.11  302.11  4.9678  0.0000  0.0000   51.85
 354  2172.50    5.00  794.97  795.21  282.91  302.09  302.09  4.9818  0.0000  0.0000   51.93
 353  2167.50    5.00  795.44  795.68  282.94  302.07  302.07  4.9958  0.0000  0.0000   52.01
 352  2162.50    5.00  795.92  796.16  282.97  302.05  302.05  5.0099  0.0000  0.0000   52.08
 351  2157.50    5.00  796.40  796.64  283.00  302.02  302.02  5.0239  0.0000  0.0000   52.16
 350  2152.50    5.00  796.88  797.12  283.02  302.00  302.00  5.0379  0.0000  0.0000   52.23
 349  2147.50    5.00  797.36  797.60  283.05  301.98  301.98  5.0519  0.0000  0.0000   52.31
 348  2142.50    5.00  797.84  798.08  283.08  301.96  301.96  5.0659  0.0000  0.0000   52.38
 347  2137.50    5.00  798.32  798.56  283.11  301.94  301.94  5.0799  0.0000  0.0000   52.45
 346  2132.50    5.00  798.80  799.04  283.14  301.92  301.92  5.0939  0.0000  0.0000   52.53
 345  2127.50    5.00  799.28  799.52  283.17  301.90  301.90  5.1079  0.0000  0.0000   52.60
 344  2122.50    5.00  799.77  800.01  283.20  301.88  301.88  5.1219  0.0000  0.0000   52.67
 343  2117.50    5.00  800.25  800.49  283.23  301.85  301.85  5.1359  0.0000  0.0000   52.75
 342  2112.50    5.00  800.73  800.97  283.26  301.83  301.83  5.1500  0.0000  0.0000   52.82
 341  2107.50    5.00  801.21  801.45  283.28  301.81  301.81  5.1640  0.0000  0.0000   52.90
 340  2102.50    5.00  801.69  801.93  283.30  301.78  301.78  5.1781  0.0000  0.0000   53.00
 339  2097.50    5.00  802.17  802.42  283.32  301.75  301.75  5.1921  0.0000  0.0000   53.10
 338  2092.50    5.00  802.66  802.90  283.35  301.72  301.72  5.2062  0.0000  0.0000   53.20
 337  2087.50    5.00  803.14  803.38  283.37  301.69  301.69  5.2203  0.0000  0.0000   53.30
 336  2082.50    5.00  803.62  803.86  283.39  301.66  301.66  5.2343  0.0000  0.0000   53.40
 335  2077.50    5.00  804.11  804.35  283.41  301.64  301.64  5.2484  0.0000  0.0000   53.49
 334  2072.50    5.00  804.59  804.83  283.43  301.61  301.61  5.2625  0.0000  0.0000   53.59
 333  2067.50    5.00  805.07  805.31  283.45  301.58  301.58  5.2766  0.0000  0.0000   53.69
 332  2062.50    5.00  805.56  805.80  283.47  301.55  301.55  5.2906  0.0000  0.0000   53.79
 331  2057.50    5.00  806.04  806.28  283.50  301.52  301.52  5.3047  0.0000  0.0000   53.88
 330  2052.50    5.00  806.53  806.77  283.52  301.49  301.49  5.3188  0.0000  0.0000   53.98
 329  2047.50    5.00  807.01  807.25  283.54  301.46  301.46  5.3328  0.0000  0.0000   54.08
 328  2042.50    5.00  807.50  807.74  283.56  301.43  301.43  5.3469  0.0000  0.0000   54.18
 327  2037.50    5.00  807.98  808.22  283.58  301.40  301.40  5.3610  0.0000  0.0000   54.27
 326  2032.50    5.00  808.47  808.71  283.60  301.37  301.37  5.3750  0.0000  0.0000   54.37
 325  2027.50    5.00  808.95  809.19  283.62  301.35  301.35  5.3891  0.0000  0.0000   54.47
 324  2022.50    5.00  809.44  809.68  283.65  301.32  301.32  5.4032  0.0000  0.0000   54.56
 323  2017.50    5.00  809.92  810.17  283.67  301.29  301.29  5.4173  0.0000  0.0000   54.66
 322  2012.50    5.00  810.41  810.65  283.69  301.26  301.26  5.4313  0.0000  0.0000   54.75
 321  2007.50    5.00  810.90  811.14  283.71  301.23  301.23  5.4454  0.0000  0.0000   54.85
 320  2002.50    5.00  811.38  811.63  283.73  301.20  301.20  5.4595  0.0000  0.0000   54.94
 319  1997.50    5.00  811.87  812.12  283.75  301.17  301.17  5.4735  0.0000  0.0000   55.04
 318  1992.50    5.00  812.36  812.60  283.77  301.14  301.14  5.4876  0.0000  0.0000   55.14
 317  1987.50    5.00  812.85  813.09  283.80  301.11  301.11  5.5017  0.0000  0.0000   55.23
 316  1982.50    5.00  813.33  813.58  283.82  301.09  301.09  5.5157  0.0000  0.0000   55.33
 315  1977.50    5.00  813.82  814.07  283.84  301.06  301.06  5.5298  0.0000  0.0000   55.42
 314  1972.50    5.00  814.31  814.56  283.86  301.03  301.03  5.5439  0.0000  0.0000   55.51
 313  1967.50    5.00  814.80  815.04  283.88  301.00  301.00  5.5580  0.0000  0.0000   55.61
 312  1962.50    5.00  815.29  815.53  283.90  300.97  300.97  5.5720  0.0000  0.0000   55.70
 311  1957.50    5.00  815.78  816.02  283.92  300.94  300.94  5.5861  0.0000  0.0000   55.80
 310  1952.50    5.00  816.27  816.51  283.95  300.91  300.91  5.6002  0.0000  0.0000   55.89
 309  1947.50    5.00  816.76  817.00  283.97  300.88  300.88  5.6142  0.0000  0.0000   55.98
 308  1942.50    5.00  817.25  817.49  283.99  300.85  300.85  5.6283  0.0000  0.0000   56.08
 307  1937.50    5.00  817.74  817.98  284.01  300.82  300.82  5.6424  0.0000  0.0000   56.17
 306  1932.50    5.00  818.23  818.47  284.03  300.80  300.80  5.6565  0.0000  0.0000   56.26
 305  1927.50    5.00  818.72  818.96  284.05  300.77  300.77  5.6705  0.0000  0.0000   56.36
 304  1922.50    5.00  819.21  819.46  284.07  300.74  300.74  5.6846  0.0000  0.0000   56.45
 303  1917.50    5.00  819.70  819.95  284.10  300.71  300.71  5.6987  0.0000  0.0000   56.54
 302  1912.50    5.00  820.19  820.44  284.12  300.68  300.68  5.7127  0.0000  0.0000   56.64
 301  1907.50    5.00  820.68  820.93  284.14  300.65  300.65  5.7268  0.0000  0.0000   56.73
 300  1902.50    5.00  821.18  821.42  284.16  300.62  300.62  5.7409  0.0000  0.0000   56.82
 299  1897.50    5.00  821.67  821.92  284.18  300.59  300.59  5.7549  0.0000  0.0000   56.91
 298  1892.50    5.00  822.16  822.41  284.20  300.56  300.56  5.7690  0.0000  0.0000   57.00
 297  1887.50    5.00  822.65  822.90  284.22  300.53  300.53  5.7831  0.0000  0.0000   57.10
 296  1882.50    5.00  823.15  823.39  284.24  300.51  300.51  5.7972  0.0000  0.0000   57.19
 295  1877.50    5.00  823.64  823.89  284.27  300.48  300.48  5.8112  0.0000  0.0000   57.28
 294  1872.50    5.00  824.13  824.38  284.29  300.45  300.45  5.8253  0.0000  0.0000   57.37
 293  1867.50    5.00  824.63  824.88  284.31  300.42  300.42  5.8394  0.0000  0.0000   57.46
 292  1862.50    5.00  825.12  825.37  284.33  300.39  300.39  5.8534  0.0000  0.0000   57.55
 291  1857.50    5.00  825.62  825.86  284.35  300.36  300.36  5.8675  0.0000  0.0000   57.64
 290  1852.50    5.00  826.11  826.36  284.37  300.33  300.33  5.8816  0.0000  0.0000   57.73
 289  1847.50    5.00  826.61  826.85  284.39  300.30  300.30  5.8956  0.0000  0.0000   57.82
 288  1842.50    5.00  827.10  827.35  284.41  300.27  300.27  5.9097  0.0000  0.0000   57.91
 287  1837.50    5.00  827.60  827.84  284.44  300.25  300.25  5.9238  0.0000  0.0000   58.00
 286  1832.50    5.00  828.09  828.34  284.46  300.22  300.22  5.9379  0.0000  0.0000   58.09
 285  1827.50    5.00  828.59  828.84  284.48  300.19  300.19  5.9519  0.0000  0.0000   58.18
 284  1822.50    5.00  829.08  829.33  284.50  300.16  300.16  5.9660  0.0000  0.0000   58.27
 283  1817.50    5.00  829.58  829.83  284.52  300.13  300.13  5.9801  0.0000  0.0000   58.36
 282  1812.50    5.00  830.08  830.33  284.54  300.10  300.10  5.9941  0.0000  0.0000   58.45
 281  1807.50    5.00  830.57  830.82  284.56  300.07  300.07  6.0082  0.0000  0.0000   58.54
 280  1802.50    5.00  831.07  831.32  284.58  300.04  300.04  6.0223  0.0000  0.0000   58.63
 279  1797.50    5.00  831.57  831.82  284.61  300.01  300.01  6.0363  0.0000  0.0000   58.72
 278  1792.50    5.00  832.07  832.32  284.63  299.98  299.98  6.0504  0.0000  0.0000   58.81
 277  1787.50    5.00  832.56  832.81  284.65  299.96  299.96  6.0645  0.0000  0.0000   58.90
 276  1782.50    5.00  833.06  833.31  284.67  299.93  299.93  6.0786  0.0000  0.0000   58.98
 275  1777.50    5.00  833.56  833.81  284.69  299.90  299.90  6.0926  0.0000  0.0000   59.07
 274  1772.50    5.00  834.06  834.31  284.71  299.87  299.87  6.1067  0.0000  0.0000   59.16
 273  1767.50    5.00  834.56  834.81  284.73  299.84  299.84  6.1208  0.0000  0.0000   59.25
 272  1762.50    5.00  835.06  835.31  284.75  299.81  299.81  6.1348  0.0000  0.0000   59.34
 271  1757.50    5.00  835.56  835.81  284.77  299.78  299.78  6.1489  0.0000  0.0000   59.42
 270  1752.50    5.00  836.06  836.31  284.80  299.75  299.75  6.1630  0.0000  0.0000   59.51
 269  1747.50    5.00  836.56  836.81  284.82  299.72  299.72  6.1771  0.0000  0.0000   59.60
 268  1742.50    5.00  837.06  837.31  284.84  299.69  299.69  6.1911  0.0000  0.0000   59.69
 267  1737.50    5.00  837.56  837.81  284.86  299.67  299.67  6.2052  0.0000  0.0000   59.77
 266  1732.50    5.00  838.06  838.31  284.88  299.64  299.64  6.2193  0.0000  0.0000   59.86
 265  1727.50    5.00  838.56  838.81  284.90  299.61  299.61  6.2333  0.0000  0.0000   59.95
 264  1722.50    5.00  839.06  839.31  284.92  299.58  299.58  6.2474  0.0000  0.0000   60.03
 263  1717.50    5.00  839.56  839.81  284.94  299.55  299.55  6.2615  0.0000  0.0000   60.12
 262  1712.50    5.00  840.06  840.31  284.96  299.52  299.52  6.2755  0.0000  0.0000   60.21
 261  1707.50    5.00  840.57  840.82  284.99  299.49  299.49  6.2896  0.0000  0.0000   60.29
 260  1702.50    5.00  841.07  841.32  285.01  299.46  299.46  6.3037  0.0000  0.0000   60.38
 259  1697.50    5.00  841.57  841.82  285.03  299.43  299.43  6.3178  0.0000  0.0000   60.46
 258  1692.50    5.00  842.07  842.32  285.05  299.41  299.41  6.3318  0.0000  0.0000   60.55
 257  1687.50    5.00  842.58  842.83  285.07  299.38  299.38  6.3459  0.0000  0.0000   60.64
 256  1682.50    5.00  843.08  843.33  285.09  299.35  299.35  6.3600  0.0000  0.0000   60.72
 255  1677.50    5.00  843.58  843.84  285.11  299.32  299.32  6.3740  0.0000  0.0000   60.81
 254  1672.50    5.00  844.09  844.34  285.13  299.29  299.29  6.3881  0.0000  0.0000   60.89
 253  1667.50    5.00  844.59  844.84  285.15  299.26  299.26  6.4022  0.0000  0.0000   60.98
 252  1662.50    5.00  845.10  845.35  285.18  299.23  299.23  6.4162  0.0000  0.0000   61.06
 251  1657.50    5.00  845.60  845.85  285.20  299.20  299.20  6.4303  0.0000  0.0000   61.15
 250  1652.50    5.00  846.11  846.36  285.22  299.17  299.17  6.4444  0.0000  0.0000   61.23
 249  1647.50    5.00  846.61  846.86  285.24  299.14  299.14  6.4585  0.0000  0.0000   61.31
 248  1642.50    5.00  847.12  847.37  285.26  299.12  299.12  6.4725  0.0000  0.0000   61.40
 247  1637.50    5.00  847.62  847.87  285.28  299.09  299.09  6.4866  0.0000  0.0000   61.48
 246  1632.50    5.00  848.13  848.38  285.30  299.06  299.06  6.5007  0.0000  0.0000   61.57
 245  1627.50    5.00  848.63  848.89  285.32  299.03  299.03  6.5147  0.0000  0.0000   61.65
 244  1622.50    5.00  849.14  849.39  285.34  299.00  299.00  6.5288  0.0000  0.0000   61.73
 243  1617.50    5.00  849.65  849.90  285.37  298.97  298.97  6.5429  0.0000  0.0000   61.82
 242  1612.50    5.00  850.15  850.41  285.39  298.94  298.94  6.5569  0.0000  0.0000   61.90
 241  1607.50    5.00  850.66  850.91  285.41  298.91  298.91  6.5710  0.0000  0.0000   61.99
 240  1602.50    5.00  851.17  851.42  285.43  298.88  298.88  6.5851  0.0000  0.0000   62.07
 239  1597.50    5.00  851.68  851.93  285.45  298.85  298.85  6.5992  0.0000  0.0000   62.15
 238  1592.50    5.00  852.18  852.44  285.47  298.83  298.83  6.6132  0.0000  0.0000   62.23
 237  1587.50    5.00  852.69  852.95  285.49  298.80  298.80  6.6273  0.0000  0.0000   62.32
 236  1582.50    5.00  853.20  853.46  285.51  298.77  298.77  6.6414  0.0000  0.0000   62.41
 235  1577.50    5.00  853.71  853.96  285.53  298.74  298.74  6.6554  0.0000  0.0000   62.49
 234  1572.50    5.00  854.22  854.47  285.55  298.71  298.71  6.6695  0.0000  0.0000   62.58
 233  1567.50    5.00  854.73  854.98  285.57  298.68  298.68  6.6835  0.0000  0.0000   62.67
 232  1562.50    5.00  855.24  855.49  285.59  298.65  298.65  6.6976  0.0000  0.0000   62.76
 231  1557.50    5.00  855.75  856.00  285.61  298.62  298.62  6.7117  0.0000  0.0000   62.84
 230  1552.50    5.00  856.26  856.51  285.63  298.58  298.58  6.7257  0.0000  0.0000   62.93
 229  1547.50    5.00  856.77  857.02  285.65  298.55  298.55  6.7398  0.0000  0.0000   63.01
 228  1542.50    5.00  857.28  857.53  285.67  298.52  298.52  6.7539  0.0000  0.0000   63.10
 227  1537.50    5.00  857.79  858.05  285.69  298.49  298.49  6.7679  0.0000  0.0000   63.19
 226  1532.50    5.00  858.30  858.56  285.71  298.46  298.46  6.7820  0.0000  0.0000   63.27
 225  1527.50    5.00  858.81  859.07  285.73  298.43  298.43  6.7961  0.0000  0.0000   63.36
 224  1522.50    5.00  859.32  859.58  285.75  298.40  298.40  6.8101  0.0000  0.0000   63.44
 223  1517.50    5.00  859.84  860.09  285.77  298.37  298.37  6.8242  0.0000  0.0000   63.53
 222  1512.50    5.00  860.35  860.60  285.79  298.34  298.34  6.8382  0.0000  0.0000   63.61
 221  1507.50    5.00  860.86  861.12  285.81  298.31  298.31  6.8523  0.0000  0.0000   63.70
 220  1502.50    5.00  861.37  861.63  285.83  298.28  298.28  6.8664  0.0000  0.0000   63.78
 219  1497.50    5.00  861.89  862.14  285.85  298.25  298.25  6.8804  0.0000  0.0000   63.87
 218  1492.50    5.00  862.40  862.66  285.87  298.22  298.22  6.8945  0.0000  0.0000   63.95
 217  1487.50    5.00  862.91  863.17  285.89  298.19  298.19  6.9086  0.0000  0.0000   64.04
 216  1482.50    5.00  863.43  863.68  285.91  298.16  298.16  6.9226  0.0000  0.0000   64.12
 215  1477.50    5.00  863.94  864.20  285.93  298.13  298.13  6.9367  0.0000  0.0000   64.21
 214  1472.50    5.00  864.46  864.71  285.95  298.10  298.10  6.9507  0.0000  0.0000   64.29
 213  1467.50    5.00  864.97  865.23  285.97  298.07  298.07  6.9648  0.0000  0.0000   64.38
 212  1462.50    5.00  865.48  865.74  285.99  298.04  298.04  6.9789  0.0000  0.0000   64.46
 211  1457.50    5.00  866.00  866.26  286.01  298.01  298.01  6.9929  0.0000  0.0000   64.55
 210  1452.50    5.00  866.52  866.77  286.02  297.98  297.98  7.0070  0.0000  0.0000   64.63
 209  1447.50    5.00  867.03  867.29  286.04  297.95  297.95  7.0211  0.0000  0.0000   64.71
 208  1442.50    5.00  867.55  867.81  286.06  297.92  297.92  7.0351  0.0000  0.0000   64.80
 207  1437.50    5.00  868.06  868.32  286.08  297.89  297.89  7.0492  0.0000  0.0000   64.88
 206  1432.50    5.00  868.58  868.84  286.10  297.86  297.86  7.0633  0.0000  0.0000   64.96
 205  1427.50    5.00  869.10  869.36  286.12  297.83  297.83  7.0773  0.0000  0.0000   65.05
 204  1422.50    5.00  869.61  869.87  286.14  297.80  297.80  7.0914  0.0000  0.0000   65.13
 203  1417.50    5.00  870.13  870.39  286.16  297.77  297.77  7.1054  0.0000  0.0000   65.21
 202  1412.50    5.00  870.65  870.91  286.18  297.74  297.74  7.1195  0.0000  0.0000   65.30
 201  1407.50    5.00  871.17  871.43  286.20  297.71  297.71  7.1336  0.0000  0.0000   65.38
 200  1402.50    5.00  871.68  871.94  286.22  297.68  297.68  7.1476  0.0000  0.0000   65.46
 199  1397.50    5.00  872.20  872.46  286.24  297.65  297.65  7.1617  0.0000  0.0000   65.54
 198  1392.50    5.00  872.72  872.98  286.26  297.62  297.62  7.1758  0.0000  0.0000   65.63
 197  1387.50    5.00  873.24  873.50  286.28  297.59  297.59  7.1898  0.0000  0.0000   65.71
 196  1382.50    5.00  873.76  874.02  286.30  297.56  297.56  7.2039  0.0000  0.0000   65.79
 195  1377.50    5.00  874.28  874.54  286.32  297.53  297.53  7.2179  0.0000  0.0000   65.87
 194  1372.50    5.00  874.80  875.06  286.34  297.50  297.50  7.2320  0.0000  0.0000   65.96
 193  1367.50    5.00  875.32  875.58  286.36  297.47  297.47  7.2461  0.0000  0.0000   66.04
 192  1362.50    5.00  875.84  876.10  286.38  297.44  297.44  7.2601  0.0000  0.0000   66.12
 191  1357.50    5.00  876.36  876.62  286.40  297.41  297.41  7.2742  0.0000  0.0000   66.20
 190  1352.50    5.00  876.88  877.14  286.42  297.38  297.38  7.2883  0.0000  0.0000   66.28
 189  1347.50    5.00  877.40  877.66  286.44  297.35  297.35  7.3023  0.0000  0.0000   66.37
 188  1342.50    5.00  877.92  878.18  286.46  297.32  297.32  7.3164  0.0000  0.0000   66.45
 187  1337.50    5.00  878.44  878.71  286.48  297.29  297.29  7.3305  0.0000  0.0000   66.53
 186  1332.50    5.00  878.97  879.23  286.50  297.26  297.26  7.3445  0.0000  0.0000   66.61
 185  1327.50    5.00  879.49  879.75  286.52  297.23  297.23  7.3586  0.0000  0.0000   66.69
 184  1322.50    5.00  880.01  880.27  286.54  297.20  297.20  7.3726  0.0000  0.0000   66.77
 183  1317.50    5.00  880.53  880.79  286.56  297.17  297.17  7.3867  0.0000  0.0000   66.85
 182  1312.50    5.00  881.06  881.32  286.58  297.14  297.14  7.4008  0.0000  0.0000   66.93
 181  1307.50    5.00  881.58  881.84  286.59  297.11  297.11  7.4148  0.0000  0.0000   67.01
 180  1302.50    5.00  882.10  882.36  286.61  297.08  297.08  7.4289  0.0000  0.0000   67.09
 179  1297.50    5.00  882.63  882.89  286.63  297.05  297.05  7.4430  0.0000  0.0000   67.17
 178  1292.50    5.00  883.15  883.41  286.65  297.02  297.02  7.4570  0.0000  0.0000   67.25
 177  1287.50    5.00  883.67  883.94  286.67  296.99  296.99  7.4711  0.0000  0.0000   67.33
 176  1282.50    5.00  884.20  884.46  286.69  296.96  296.96  7.4852  0.0000  0.0000   67.41
 175  1277.50    5.00  884.72  884.99  286.71  296.93  296.93  7.4992  0.0000  0.0000   67.49
 174  1272.50    5.00  885.25  885.51  286.73  296.90  296.90  7.5133  0.0000  0.0000   67.57
 173  1267.50    5.00  885.77  886.04  286.75  296.87  296.87  7.5273  0.0000  0.0000   67.65
 172  1262.50    5.00  886.30  886.56  286.77  296.84  296.84  7.5414  0.0000  0.0000   67.73
 171  1257.50    5.00  886.83  887.09  286.79  296.81  296.81  7.5555  0.0000  0.0000   67.81
 170  1252.50    5.00  887.35  887.62  286.81  296.78  296.78  7.5695  0.0000  0.0000   67.89
 169  1247.50    5.00  887.88  888.14  286.83  296.75  296.75  7.5836  0.0000  0.0000   67.97
 168  1242.50    5.00  888.41  888.67  286.85  296.72  296.72  7.5977  0.0000  0.0000   68.05
 167  1237.50    5.00  888.93  889.20  286.87  296.69  296.69  7.6117  0.0000  0.0000   68.13
 166  1232.50    5.00  889.46  889.72  286.89  296.66  296.66  7.6258  0.0000  0.0000   68.21
 165  1227.50    5.00  889.99  890.25  286.91  296.63  296.63  7.6398  0.0000  0.0000   68.29
 164  1222.50    5.00  890.52  890.78  286.93  296.60  296.60  7.6539  0.0000  0.0000   68.37
 163  1217.50    5.00  891.04  891.31  286.95  296.57  296.57  7.6680  0.0000  0.0000   68.45
 162  1212.50    5.00  891.57  891.84  286.97  296.54  296.54  7.6820  0.0000  0.0000   68.52
 161  1207.50    5.00  892.10  892.37  286.99  296.51  296.51  7.6961  0.0000  0.0000   68.60
 160  1202.50    5.00  892.63  892.89  287.00  296.48  296.48  7.7102  0.0000  0.0000   68.68
 159  1197.50    5.00  893.16  893.42  287.02  296.45  296.45  7.7242  0.0000  0.0000   68.76
 158  1192.50    5.00  893.69  893.95  287.04  296.42  296.42  7.7383  0.0000  0.0000   68.84
 157  1187.50    5.00  894.22  894.48  287.06  296.39  296.39  7.7524  0.0000  0.0000   68.91
 156  1182.50    5.00  894.75  895.01  287.08  296.36  296.36  7.7664  0.0000  0.0000   68.99
 155  1177.50    5.00  895.28  895.54  287.10  296.33  296.33  7.7805  0.0000  0.0000   69.07
 154  1172.50    5.00  895.81  896.07  287.12  296.30  296.30  7.7945  0.0000  0.0000   69.15
 153  1167.50    5.00  896.34  896.61  287.14  296.27  296.27  7.8086  0.0000  0.0000   69.23
 152  1162.50    5.00  896.87  897.14  287.16  296.24  296.24  7.8227  0.0000  0.0000   69.30
 151  1157.50    5.00  897.40  897.67  287.18  296.21  296.21  7.8367  0.0000  0.0000   69.38
 150  1152.50    5.00  897.93  898.20  287.20  296.17  296.17  7.8508  0.0000  0.0000   69.46
 149  1147.50    5.00  898.47  898.73  287.22  296.14  296.14  7.8649  0.0000  0.0000   69.54
 148  1142.50    5.00  899.00  899.26  287.24  296.11  296.11  7.8789  0.0000  0.0000   69.61
 147  1137.50    5.00  899.53  899.80  287.26  296.08  296.08  7.8930  0.0000  0.0000   69.69
 146  1132.50    5.00  900.06  900.33  287.28  296.05  296.05  7.9070  0.0000  0.0000   69.77
 145  1127.50    5.00  900.60  900.86  287.30  296.02  296.02  7.9211  0.0000  0.0000   69.84
 144  1122.50    5.00  901.13  901.40  287.32  295.99  295.99  7.9352  0.0000  0.0000   69.92
 143  1117.50    5.00  901.66  901.93  287.33  295.96  295.96  7.9492  0.0000  0.0000   70.00
 142  1112.50    5.00  902.20  902.46  287.35  295.93  295.93  7.9633  0.0000  0.0000   70.07
 141  1107.50    5.00  902.73  903.00  287.37  295.90  295.90  7.9774  0.0000  0.0000   70.15
 140  1102.50    5.00  903.27  903.53  287.39  295.87  295.87  7.9914  0.0000  0.0000   70.23
 139  1097.50    5.00  903.80  904.07  287.41  295.84  295.84  8.0055  0.0000  0.0000   70.30
 138  1092.50    5.00  904.34  904.60  287.43  295.81  295.81  8.0196  0.0000  0.0000   70.38
 137  1087.50    5.00  904.87  905.14  287.45  295.78  295.78  8.0336  0.0000  0.0000   70.45
 136  1082.50    5.00  905.41  905.67  287.47  295.75  295.75  8.0477  0.0000  0.0000   70.53
 135  1077.50    5.00  905.94  906.21  287.49  295.72  295.72  8.0617  0.0000  0.0000   70.61
 134  1072.50    5.00  906.48  906.75  287.51  295.69  295.69  8.0758  0.0000  0.0000   70.68
 133  1067.50    5.00  907.01  907.28  287.53  295.66  295.66  8.0899  0.0000  0.0000   70.76
 132  1062.50    5.00  907.55  907.82  287.55  295.63  295.63  8.1039  0.0000  0.0000   70.83
 131  1057.50    5.00  908.09  908.36  287.57  295.60  295.60  8.1180  0.0000  0.0000   70.91
 130  1052.50    5.00  908.62  908.89  287.59  295.57  295.57  8.1321  0.0000  0.0000   70.98
 129  1047.50    5.00  909.16  909.43  287.61  295.54  295.54  8.1461  0.0000  0.0000   71.06
 128  1042.50    5.00  909.70  909.97  287.62  295.51  295.51  8.1602  0.0000  0.0000   71.13
 127  1037.50    5.00  910.24  910.51  287.64  295.48  295.48  8.1742  0.0000  0.0000   71.21
 126  1032.50    5.00  910.78  911.05  287.66  295.45  295.45  8.1883  0.0000  0.0000   71.28
 125  1027.50    5.00  911.31  911.58  287.68  295.42  295.42  8.2024  0.0000  0.0000   71.36
 124  1022.50    5.00  911.85  912.12  287.70  295.39  295.39  8.2164  0.0000  0.0000   71.43
 123  1017.50    5.00  912.39  912.66  287.72  295.36  295.36  8.2305  0.0000  0.0000   71.51
 122  1012.50    5.00  912.93  913.20  287.74  295.33  295.33  8.2446  0.0000  0.0000   71.58
 121  1007.50    5.00  913.47  913.74  287.76  295.30  295.30  8.2586  0.0000  0.0000   71.66
 120  1002.50    5.00  914.01  914.28  287.78  295.27  295.27  8.2727  0.0000  0.0000   71.73
 119   997.50    5.00  914.55  914.82  287.80  295.24  295.24  8.2868  0.0000  0.0000   71.80
 118   992.50    5.00  915.09  915.36  287.82  295.21  295.21  8.3008  0.0000  0.0000   71.88
 117   987.50    5.00  915.63  915.90  287.84  295.18  295.18  8.3149  0.0000  0.0000   71.95
 116   982.50    5.00  916.17  916.44  287.86  295.15  295.15  8.3289  0.0000  0.0000   72.03
 115   977.50    5.00  916.72  916.99  287.88  295.12  295.12  8.3430  0.0000  0.0000   72.10
 114   972.50    5.00  917.26  917.53  287.89  295.09  295.09  8.3571  0.0000  0.0000   72.17
 113   967.50    5.00  917.80  918.07  287.91  295.06  295.06  8.3711  0.0000  0.0000   72.25
 112   962.50    5.00  918.34  918.61  287.93  295.03  295.03  8.3852  0.0000  0.0000   72.32
 111   957.50    5.00  918.88  919.16  287.95  295.00  295.00  8.3993  0.0000  0.0000   72.39
 110   952.50    5.00  919.43  919.70  287.97  294.97  294.97  8.4133  0.0000  0.0000   72.47
 109   947.50    5.00  919.97  920.24  287.99  294.94  294.94  8.4274  0.0000  0.0000   72.54
 108   942.50    5.00  920.51  920.78  288.01  294.91  294.91  8.4415  0.0000  0.0000   72.61
 107   937.50    5.00  921.06  921.33  288.03  294.88  294.88  8.4555  0.0000  0.0000   72.69
 106   932.50    5.00  921.60  921.87  288.05  294.85  294.85  8.4696  0.0000  0.0000   72.76
 105   927.50    5.00  922.14  922.42  288.07  294.82  294.82  8.4836  0.0000  0.0000   72.83
 104   922.50    5.00  922.69  922.96  288.09  294.79  294.79  8.4977  0.0000  0.0000   72.91
 103   917.50    5.00  923.23  923.51  288.11  294.76  294.76  8.5118  0.0000  0.0000   72.98
 102   912.50    5.00  923.78  924.05  288.12  294.73  294.73  8.5258  0.0000  0.0000   73.05
 101   907.50    5.00  924.32  924.60  288.14  294.70  294.70  8.5399  0.0000  0.0000   73.12
 100   902.50    5.00  924.87  925.14  288.16  294.67  294.67  8.5540  0.0000  0.0000   73.20
  99   897.50    5.00  925.42  925.69  288.18  294.64  294.64  8.5680  0.0000  0.0000   73.27
  98   892.50    5.00  925.96  926.23  288.20  294.61  294.61  8.5821  0.0000  0.0000   73.34
  97   887.50    5.00  926.51  926.78  288.22  294.58  294.58  8.5961  0.0000  0.0000   73.41
  96   882.50    5.00  927.05  927.33  288.24  294.55  294.55  8.6102  0.0000  0.0000   73.49
  95   877.50    5.00  927.60  927.87  288.26  294.52  294.52  8.6243  0.0000  0.0000   73.56
  94   872.50    5.00  928.15  928.42  288.28  294.49  294.49  8.6383  0.0000  0.0000   73.63
  93   867.50    5.00  928.70  928.97  288.30  294.46  294.46  8.6524  0.0000  0.0000   73.70
  92   862.50    5.00  929.24  929.52  288.32  294.43  294.43  8.6665  0.0000  0.0000   73.77
  91   857.50    5.00  929.79  930.07  288.33  294.40  294.40  8.6805  0.0000  0.0000   73.85
  90   852.50    5.00  930.34  930.61  288.35  294.37  294.37  8.6946  0.0000  0.0000   73.92
  89   847.50    5.00  930.89  931.16  288.37  294.34  294.34  8.7087  0.0000  0.0000   73.99
  88   842.50    5.00  931.44  931.71  288.39  294.31  294.31  8.7227  0.0000  0.0000   74.06
  87   837.50    5.00  931.99  932.26  288.41  294.28  294.28  8.7368  0.0000  0.0000   74.13
  86   832.50    5.00  932.54  932.81  288.43  294.25  294.25  8.7508  0.0000  0.0000   74.20
  85   827.50    5.00  933.09  933.36  288.45  294.22  294.22  8.7649  0.0000  0.0000   74.27
  84   822.50    5.00  933.64  933.91  288.47  294.19  294.19  8.7790  0.0000  0.0000   74.34
  83   817.50    5.00  934.19  934.46  288.49  294.16  294.16  8.7930  0.0000  0.0000   74.42
  82   812.50    5.00  934.74  935.01  288.51  294.13  294.13  8.8071  0.0000  0.0000   74.49
  81   807.50    5.00  935.29  935.56  288.53  294.10  294.10  8.8212  0.0000  0.0000   74.56
  80   802.50    5.00  935.84  936.12  288.54  294.07  294.07  8.8352  0.0000  0.0000   74.63
  79   797.50    5.00  936.39  936.67  288.56  294.04  294.04  8.8493  0.0000  0.0000   74.70
  78   792.50    5.00  936.94  937.22  288.58  294.01  294.01  8.8633  0.0000  0.0000   74.77
  77   787.50    5.00  937.49  937.77  288.60  293.98  293.98  8.8774  0.0000  0.0000   74.84
  76   782.50    5.00  938.05  938.32  288.62  293.95  293.95  8.8915  0.0000  0.0000   74.91
  75   777.50    5.00  938.60  938.88  288.64  293.92  293.92  8.9055  0.0000  0.0000   74.98
  74   772.50    5.00  939.15  939.43  288.66  293.89  293.89  8.9196  0.0000  0.0000   75.05
  73   767.50    5.00  939.71  939.98  288.68  293.86  293.86  8.9337  0.0000  0.0000   75.12
  72   762.50    5.00  940.26  940.54  288.70  293.83  293.83  8.9477  0.0000  0.0000   75.19
  71   757.50    5.00  940.81  941.09  288.72  293.80  293.80  8.9618  0.0000  0.0000   75.26
  70   752.50    5.00  941.37  941.64  288.73  293.77  293.77  8.9759  0.0000  0.0000   75.33
  69   747.50    5.00  941.92  942.20  288.75  293.73  293.73  8.9899  0.0000  0.0000   75.40
  68   742.50    5.00  942.48  942.75  288.77  293.70  293.70  9.0040  0.0000  0.0000   75.47
  67   737.50    5.00  943.03  943.31  288.79  293.67  293.67  9.0180  0.0000  0.0000   75.54
  66   732.50    5.00  943.59  943.86  288.81  293.64  293.64  9.0321  0.0000  0.0000   75.61
  65   727.50    5.00  944.14  944.42  288.83  293.61  293.61  9.0462  0.0000  0.0000   75.68
  64   722.50    5.00  944.70  944.97  288.85  293.58  293.58  9.0602  0.0000  0.0000   75.75
  63   717.50    5.00  945.25  945.53  288.87  293.55  293.55  9.0743  0.0000  0.0000   75.82
  62   712.50    5.00  945.81  946.09  288.89  293.52  293.52  9.0884  0.0000  0.0000   75.89
  61   707.50    5.00  946.37  946.64  288.82  293.40  293.40  9.1191  0.0000  0.0000   76.54
  60   702.50    5.00  946.92  947.20  288.32  292.85  292.85  9.2297  0.0000  0.0000   80.06
  59   697.50    5.00  947.48  947.76  287.83  292.30  292.30  9.3403  0.0000  0.0000   83.75
  58   692.50    5.00  948.04  948.32  287.33  291.75  291.75  9.4509  0.0000  0.0000   87.61
  57   687.50    5.00  948.60  948.88  286.83  291.19  291.19  9.5615  0.0000  0.0000   91.64
  56   682.50    5.00  949.17  949.45  286.34  290.64  290.64  9.6721  0.0000  0.0000   95.86
  55   677.50    5.00  949.73  950.01  285.87  290.11  290.09  9.7828  0.0098  0.0000  100.00
  54   672.50    5.00  950.30  950.58  285.79  289.98  289.54  9.8934  0.1757  0.0000  100.01
  53   667.50    5.00  950.86  951.15  285.71  289.85  289.00 10.0040  0.3420  0.0000  100.02
  52   662.50    5.00  951.43  951.71  285.63  289.73  288.45 10.1146  0.5084  0.0000  100.03
  51   657.50    5.00  952.00  952.28  285.58  289.62  288.03 10.2000  0.6362  0.0000  100.02
  50   652.50    5.00  952.57  952.85  285.60  289.59  288.02 10.2000  0.6284  0.0000  100.00
  49   647.50    5.05  953.14  953.43  285.62  289.57  288.02 10.2000  0.6186  0.0000  100.00
  48   642.40    5.30  953.72  954.03  285.65  289.54  288.02 10.2000  0.6087  0.0000  100.00
  47   636.90    5.60  954.35  954.67  285.68  289.52  288.02 10.2000  0.5981  0.0000  100.00
  46   631.20    6.05  955.00  955.36  285.70  289.49  288.02 10.2000  0.5870  0.0000  100.00
  45   624.80    6.65  955.73  956.12  285.73  289.46  288.02 10.2000  0.5746  0.0000  100.00
  44   617.90    7.25  956.52  956.95  285.77  289.42  288.02 10.2000  0.5612  0.0000  100.00
  43   610.30    8.00  957.38  957.86  285.80  289.38  288.02 10.2000  0.5464  0.0000  100.00
  42   601.90    8.75  958.34  958.87  285.84  289.34  288.02 10.2000  0.5301  0.0000  100.00
  41   592.80    9.50  959.39  959.95  285.89  289.30  288.02 10.2000  0.5123  0.0000  100.00
  40   582.90   10.45  960.52  961.15  285.94  289.25  288.02 10.2000  0.4931  0.0000  100.00
  39   571.90   11.45  961.78  962.46  285.99  289.19  288.01 10.2000  0.4716  0.0000  100.00
  38   560.00   12.55  963.15  963.91  286.05  289.13  288.01 10.2000  0.4484  0.0000  100.00
  37   546.80   13.75  964.66  965.49  286.11  289.07  288.01 10.2000  0.4227  0.0000  100.00
  36   532.50   14.65  966.31  967.17  286.18  289.00  288.01 10.2000  0.3947  0.0000  100.00
  35   517.50   15.00  968.04  968.90  286.25  288.92  288.01 10.2000  0.3654  0.0000  100.00
  34   502.50   15.00  969.77  970.63  286.32  288.85  288.01 10.2000  0.3361  0.0000  100.00
  33   487.50   15.00  971.50  972.37  286.40  288.77  288.01 10.2000  0.3067  0.0000  100.00
  32   472.50   15.00  973.23  974.10  286.47  288.70  288.01 10.2000  0.2773  0.0000  100.00
  31   457.50   15.00  974.97  975.84  286.54  288.62  288.00 10.2000  0.2479  0.0000  100.00
  30   442.50   15.00  976.71  977.58  286.61  288.55  288.00 10.2000  0.2184  0.0000  100.00
  29   427.50   15.00  978.45  979.32  286.68  288.48  288.00 10.2000  0.1889  0.0000  100.00
  28   412.50   15.00  980.19  981.06  286.76  288.40  288.00 10.2000  0.1594  0.0000  100.00
  27   397.50   15.00  981.94  982.81  286.83  288.33  288.00 10.2000  0.1298  0.0000  100.00
  26   382.50   15.00  983.68  984.56  286.90  288.25  288.00 10.2000  0.1002  0.0000  100.00
  25   367.50   15.00  985.43  986.31  286.97  288.18  288.00 10.2000  0.0707  0.0000  100.00
  24   352.50   15.00  987.19  988.06  287.04  288.10  288.00 10.2000  0.0411  0.0000  100.00
  23   337.50   15.00  988.94  989.82  287.11  288.03  288.00 10.2000  0.0114  0.0000  100.00
  22   322.50   15.00  990.70  991.58  287.23  288.00  288.00 10.2000  0.0000  0.0000   99.52
  21   307.50   15.00  992.46  993.34  287.38  288.00  288.00 10.2000  0.0000  0.0000   98.75
  20   292.50   15.00  994.22  995.10  287.52  288.00  288.00 10.2000  0.0000  0.0000   97.98
  19   277.50   15.00  995.98  996.86  287.67  288.00  288.00 10.2000  0.0000  0.0000   97.22
  18   262.50   15.00  997.74  998.63  287.81  288.00  288.00 10.2000  0.0000  0.0000   96.47
  17   247.50   15.00  999.51 1000.40  287.96  288.00  288.00 10.2000  0.0000  0.0000   95.72
  16   232.50   15.00 1001.28 1002.17  288.11  288.00  288.00 10.2000  0.0000  0.0000   94.99
  15   217.50   15.00 1003.05 1003.94  288.25  288.00  288.00 10.2000  0.0000  0.0000   94.25
  14   202.50   15.00 1004.83 1005.72  288.40  288.00  288.00 10.2000  0.0000  0.0000   93.53
  13   187.50   15.00 1006.60 1007.49  288.54  288.00  288.00 10.2000  0.0000  0.0000   92.81
  12   172.50   15.00 1008.38 1009.27  288.69  288.00  288.00 10.2000  0.0000  0.0000   92.09
  11   157.50   15.00 1010.16 1011.06  288.83  288.00  288.00 10.2000  0.0000  0.0000   91.39
  10   142.50   15.00 1011.95 1012.84  288.98  288.00  288.00 10.2000  0.0000  0.0000   90.69
   9   127.50   15.00 1013.73 1014.63  289.13  288.00  288.00 10.2000  0.0000  0.0000   89.99
   8   112.50   15.00 1015.52 1016.42  289.27  288.00  288.00 10.2000  0.0000  0.0000   89.30
   7    97.50   15.00 1017.31 1018.21  289.42  288.00  288.00 10.2000  0.0000  0.0000   88.62
   6    82.50   15.00 1019.10 1020.00  289.56  288.00  288.00 10.2000  0.0000  0.0000   87.94
   5    67.50   15.00 1020.90 1021.80  289.71  288.00  288.00 10.2000  0.0000  0.0000   87.27
   4    52.50   15.00 1022.69 1023.59  289.85  288.00  288.00 10.2000  0.0000  0.0000   86.61
   3    37.50   15.00 1024.49 1025.39  290.00  288.00  288.00 10.2000  0.0000  0.0000   85.95
   2    22.50   13.50 1026.29 1027.02  290.15  288.00  288.00 10.2000  0.0000  0.0000   85.29
   1    10.50   16.50 1027.74 1029.00  290.26  288.00  288.00 10.2000  0.0000  0.0000   84.78
